T:\GLRenderer\fengkan_10000.obj
5122
6215
10000
10000
0 1182
1 1183
2 1184
3 1185
4 1186
5 1187
6 1188
7 1189
8 1190
9 1191
10 1192
11 1193
12 1194
13 1195
14 1196
15 1197
16 1198
17 1199
18 1200
19 1201
20 1202
21 1203
22 1204
23 1205
24 1206
25 1207
26 1208
27 1209
28 1210
29 1211
30 1212
31 1213
32 1214
33 1215
34 1216
35 1217
36 1218
37 1219
38 1220
39 1221
40 1222
41 1223
42 1224
43 1225
44 1226
45 1227
46 1228
47 1229
48 1230
49 1231
50 1232
51 1233
52 1234
53 1235
54 1236
55 1237
56 1238
57 1239
58 1240
59 1241
60 1242
61 1243
62 1244
63 1245
64 1246
65 1247
66 1248
67 1249
68 1250
69 1251
70 1252
71 1253
72 1254
73 1255
74 1256
75 1257
76 1258
77 1259
78 1260
79 1261
80 1262
81 1263
82 1264
83 1265
84 1266
85 1267
86 1268
87 1269
88 1270
89 1271
90 1272
91 1273
92 1274
93 1275
94 1276
95 1277
96 1278
97 1279
98 1280
99 1281
100 1282
101 1283
102 1284
103 1285
104 1286
105 1287
106 1288
107 1289
108 1290
109 1291
110 1292
111 1293
112 1294
113 1295
114 1296
115 1297
116 1298
117 1299
118 1300
119 1301
120 1302
121 1303
122 1304
123 1305
124 1306
125 1307
126 1308
127 1309
128 1310
129 1311
130 1312
131 1313
132 1314
133 1315
134 1316
135 1317
136 1318
137 1319
138 1320
139 1321
140 1322
141 1323
142 1324
143 1325
144 1326
145 1327
146 1328
147 1329
148 1330
149 1331
150 1332
151 1333
152 1334
153 1335
154 1336
155 1337
156 1338
157 1339
158 1340
159 1341
160 1342
161 1343
162 1344
163 1345
164 1346
165 1347
166 1348
167 1349
168 1350
169 1351
170 1352
171 1353
172 1354
173 1355
174 1356
175 1357
176 1358
177 1359
178 1360
179 1361
180 1362
181 1363
182 1364
183 1365
184 1366
185 1367
186 1368
187 1369
188 1370
189 1371
190 1372
191 1373
192 1374
193 1375
194 1376
195 1377
196 1378
197 1379
198 1380
199 1381
200 1382
201 1383
202 1384
203 1385
204 1386
205 1387
206 1388
207 1389
208 1390
209 1391
210 1392
211 1393
212 1394
213 1395
214 1396
215 1397
216 1398
217 1399
218 1400
219 1401
220 1402
221 1403
222 1404
223 1405
224 1406
225 1407
226 1408
227 1409
228 1410
229 1411
230 1412
231 1413
232 1414
233 1415
234 1416
235 1417
236 1418
237 1419
238 1420
239 1421
240 1422
241 1423
242 1424
243 1425
244 1426
245 1427
246 1428
247 1429
248 1430
249 1431
250 1432
251 1433
252 1434
253 1435
254 1436
255 1437
256 1438
257 1439
258 1440
259 1441
260 1442
261 1443
262 1444
263 1445
264 1446
265 1447
266 1448
267 1449
268 1450
269 1451
270 1452
271 1453
272 1454
273 1455
274 1456
275 1457
276 1458
277 1459
278 1460
279 1461
280 1462
281 1463
282 1464
283 1465
284 1466
285 1467
286 1468
287 1469
288 1470
289 1471
290 1472
291 1473
292 1474
293 1475
294 1476
295 1477
296 1478
297 1479
298 1480
299 1481
300 1482
301 1483
302 1484
303 1485
304 1486
305 1487
306 1488
307 1489
308 1490
309 1491
310 1492
311 1493
312 1494
313 1495
314 1496
315 1497
316 1498
317 1499
318 1500
319 1501
320 1502
321 1503
322 1504
323 1505
324 1506
325 1507
326 1508
327 1509
328 1510
329 1511
330 1512
331 1513
332 1514
333 1515
334 1516
335 1517
336 1518
337 1519
338 1520
339 1521
340 1522
341 1523
342 1524
343 1525
344 1526
345 1527
346 1528
347 1529
348 1530
349 1531
350 1532
351 1533
352 1534
353 1535
354 1536
355 1537
356 1538
357 1539
358 1540
359 1541
360 1542
361 1543
362 1544
363 1545
364 1546
365 1547
366 1548
367 1549
368 1550
369 1551
370 1552
371 1553
372 1554
373 1555
374 1556
375 1557
376 1558
377 1559
378 1560
379 1561
380 1562
381 1563
382 1564
383 1565
384 1566
385 1567
386 1568
387 1569
388 1570
389 1571
390 1572
391 1573
392 1574
393 1575
394 1576
395 1577
396 1578
397 1579
398 1580
399 1581
400 1582
401 1583
402 1584
403 1585
404 1586
405 1587
406 1588
407 1589
408 1590
409 1591
410 1592
411 1593
412 1594
413 1595
414 1596
415 1597
416 1598
417 1599
418 1600
419 1601
420 1602
421 1603
422 1604
423 1605
424 1606
425 1607
426 1608
427 1609
428 1610
429 1611
430 1612
431 1613
432 1614
433 1615
434 1616
435 1617
436 1618
437 1619
438 1620
439 1621
440 1622
441 1623
442 1624
443 1625
444 1626
445 1627
446 1628
447 1629
448 1630
449 1631
450 1632
451 1633
452 1634
453 1635
454 1636
455 1637
456 1638
457 1639
458 1640
459 1641
460 1642
461 1643
462 1644
463 1645
464 1646
465 1647
466 1648
467 1649
468 1650
469 1651
470 1652
471 1653
472 1654
473 1655
474 1656
475 1657
476 1658
477 1659
478 1660
479 1661
480 1662
481 1663
482 1664
483 1665
484 1666
485 1667
486 1668
487 1669
488 1670
489 1671
490 1672
491 1673
492 1674
493 1675
494 1676
495 1677
496 1678
497 1679
498 1680
499 1681
500 1682
501 1683
502 1684
503 1685
504 1686
505 1687
506 1688
507 1689
508 1690
509 1691
510 1692
511 1693
512 1694
513 1695
514 1696
515 1697
516 1698
517 1699
518 1700
519 1701
520 1702
521 1703
522 1704
523 1705
524 1706
525 1707
526 1708
527 1709
528 1710
529 1711
530 1712
531 1713
532 1714
533 1715
534 1716
535 1717
536 1718
537 1719
538 1720
539 1721
540 1722
541 1723
542 1724
543 1725
544 1726
545 1727
546 1728
547 1729
548 1730
549 1731
550 1732
551 1733
552 1734
553 1735
554 1736
555 1737
556 1738
557 1739
558 1740
559 1741
560 1742
561 1743
562 1744
563 1745
564 1746
565 1747
566 1748
567 1749
568 1750
569 1751
570 1752
571 1753
572 1754
573 1755
574 1756
575 1757
576 1758
577 1759
578 1760
579 1761
580 1762
581 1763
582 1764
583 1765
584 1766
585 1767
586 1768
587 1769
588 1770
589 1771
590 1772
591 1773
592 1774
593 1775
594 1776
595 1777
596 1778
597 1779
598 1780
599 1781
600 1782
601 1783
602 1784
603 1785
604 1786
605 1787
606 1788
607 1789
608 1790
609 1791
610 1792
611 1793
612 1794
613 1795
614 1796
615 1797
616 1798
617 1799
618 1800
619 1801
620 1802
621 1803
622 1804
623 1805
624 1806
625 1807
626 1808
627 1809
628 1810
629 1811
630 1812
631 1813
632 1814
633 1815
634 1816
635 1817
636 1818
637 1819
638 1820
639 1821
640 1822
641 1823
642 1824
643 1825
644 1826
645 1827
646 1828
647 1829
648 1830
649 1831
650 1832
651 1833
652 1834
653 1835
654 1836
655 1837
656 1838
657 1839
658 1840
659 1841
660 1842
661 1843
662 1844
663 1845
664 1846
665 1847
666 1848
667 1849
668 1850
669 1851
670 1852
671 1853
672 1854
673 1855
674 1856
675 1857
676 1858
677 1859
678 1860
679 1861
680 1862
681 1863
682 1864
683 1865
684 1866
685 1867
686 1868
687 1869
688 1870
689 1871
690 1872
691 1873
692 1874
693 1875
694 1876
695 1877
696 1878
697 1879
698 1880
699 1881
700 1882
701 1883
702 1884
703 1885
704 1886
705 1887
706 1888
707 1889
708 1890
709 1891
710 1892
711 1893
712 1894
713 1895
714 1896
715 1897
716 1898
717 1899
718 1900
719 1901
720 1902
721 1903
722 1904
723 1905
724 1906
725 1907
726 1908
727 1909
728 1910
729 1911
730 1912
731 1913
732 1914
733 1915
734 1916
735 1917
736 1918
737 1919
738 1920
739 1921
740 1922
741 1923
742 1924
743 1925
744 1926
745 1927
746 1928
747 1929
748 1930
749 1931
750 1932
751 1933
752 1934
753 1935
754 1936
755 1937
756 1938
757 1939
758 0
758 1940
759 1
760 2
761 1941
762 3
762 1942
763 4
764 1943
765 1944
766 1945
767 1946
768 1947
769 1948
770 1949
771 1950
772 1951
773 1952
774 1953
775 1954
776 1955
777 1956
778 1957
779 1958
780 1959
781 1960
782 1961
783 1962
784 1963
785 1964
786 1965
787 1966
788 1967
789 1968
790 1969
791 1970
792 1971
793 1972
794 1973
795 1974
796 1975
797 1976
798 1977
799 1978
800 1979
801 1980
802 1981
803 1982
804 1983
805 1984
806 1985
807 1986
808 1987
809 1988
810 1989
811 1990
812 1991
813 1992
814 1993
815 5
815 1994
816 6
817 7
818 1995
819 8
819 1996
820 9
820 1997
821 10
822 11
822 1998
823 12
824 13
825 14
826 15
827 16
827 1999
828 2000
829 17
829 2001
830 2002
831 2003
832 2004
833 2005
834 2006
835 2007
836 18
836 2008
837 19
838 20
838 2009
839 21
840 2010
841 22
841 2011
842 23
842 2012
843 24
844 25
845 26
846 27
847 28
848 29
849 2013
850 30
850 2014
851 31
851 2015
852 32
852 2016
853 33
854 34
855 35
856 36
857 37
858 38
859 39
860 40
861 2017
862 41
862 2018
863 42
863 2019
864 43
865 44
866 45
867 46
868 47
869 48
870 49
871 50
872 51
873 52
874 53
875 54
876 55
877 56
878 57
879 58
880 59
881 60
882 61
883 62
884 63
885 64
886 65
887 66
888 67
889 68
890 69
891 70
892 71
893 72
894 73
895 74
896 75
897 76
898 77
899 78
900 79
901 80
902 81
903 82
904 83
905 84
906 85
907 86
908 87
909 88
910 89
911 90
912 91
913 92
914 93
915 94
916 95
917 96
918 97
919 98
920 99
921 100
922 101
923 102
924 103
925 104
926 105
927 106
928 107
929 108
930 109
931 110
932 111
933 112
934 113
935 114
936 115
937 116
938 117
939 118
940 119
941 120
942 121
943 122
944 123
945 124
946 125
947 126
948 127
949 128
950 129
951 130
952 131
953 132
954 133
955 134
956 135
957 136
958 137
959 138
960 139
961 140
962 141
963 142
964 143
965 144
966 145
967 146
968 147
969 148
970 149
971 150
972 151
973 152
974 153
975 154
976 155
977 156
978 157
979 158
980 159
981 160
982 161
983 162
984 163
985 164
986 165
987 166
988 167
989 168
990 169
991 170
992 171
993 172
994 173
995 174
996 175
997 176
998 177
999 178
1000 179
1001 180
1002 181
1003 182
1004 183
1005 184
1006 185
1007 186
1008 187
1009 188
1010 189
1011 190
1012 191
1013 192
1014 193
1015 194
1016 195
1017 196
1018 197
1019 198
1020 199
1021 200
1022 201
1023 202
1024 203
1025 204
1026 205
1027 206
1028 207
1029 208
1030 209
1031 210
1032 211
1033 212
1034 213
1035 214
1036 215
1037 216
1038 217
1039 218
1040 219
1041 220
1042 221
1043 222
1044 223
1045 224
1046 225
1047 226
1048 227
1049 228
1050 229
1051 230
1052 231
1053 232
1054 233
1055 234
1056 235
1057 236
1058 237
1059 238
1060 239
1061 240
1062 241
1063 242
1064 243
1065 244
1066 245
1067 246
1068 247
1069 248
1070 249
1071 250
1072 251
1073 252
1074 253
1075 254
1076 255
1077 256
1078 257
1079 258
1080 2020
1081 2021
1082 2022
1083 2023
1084 2024
1085 2025
1086 2026
1087 2027
1088 2028
1089 2029
1090 2030
1091 259
1091 2031
1092 2032
1093 2033
1094 260
1095 261
1095 2034
1096 2035
1097 2036
1098 2037
1099 2038
1100 262
1100 2039
1101 2040
1102 2041
1103 263
1103 2042
1104 2043
1105 2044
1106 2045
1107 2046
1108 2047
1109 2048
1110 2049
1111 2050
1112 2051
1113 2052
1114 2053
1115 2054
1116 2055
1117 264
1117 2056
1118 2057
1119 2058
1120 2059
1121 2060
1122 2061
1123 2062
1124 2063
1125 2064
1126 2065
1127 2066
1128 2067
1129 2068
1130 2069
1131 2070
1132 265
1132 2071
1133 266
1133 2072
1134 267
1134 2073
1135 268
1135 2074
1136 269
1137 270
1138 271
1139 272
1140 273
1141 274
1142 275
1143 276
1144 277
1145 278
1146 279
1147 280
1148 281
1149 282
1150 283
1151 284
1152 285
1153 286
1154 287
1155 288
1156 289
1157 290
1158 291
1159 292
1160 293
1161 294
1162 295
1163 296
1164 297
1165 298
1166 299
1167 300
1168 301
1169 302
1170 303
1171 304
1172 305
1173 306
1174 307
1175 308
1176 309
1177 310
1178 311
1179 312
1180 313
1181 314
1182 315
1182 2075
1183 316
1184 317
1185 318
1186 319
1187 320
1188 321
1189 322
1190 323
1191 324
1192 325
1193 326
1193 2076
1194 327
1194 2077
1195 328
1196 329
1197 330
1198 331
1199 332
1200 333
1201 2078
1202 2079
1203 334
1204 335
1205 336
1206 337
1207 338
1208 339
1209 340
1210 341
1211 342
1212 343
1213 344
1214 345
1215 346
1216 347
1217 348
1218 349
1219 350
1220 351
1221 352
1222 353
1223 354
1224 355
1225 356
1226 357
1227 358
1228 359
1229 360
1230 361
1231 362
1232 363
1233 364
1234 365
1235 366
1236 367
1237 368
1238 369
1239 370
1240 371
1241 372
1242 373
1243 374
1244 375
1245 376
1246 377
1247 378
1248 379
1249 380
1250 381
1251 382
1252 383
1253 384
1254 385
1255 386
1256 387
1257 388
1258 389
1259 390
1260 391
1261 392
1262 393
1263 394
1264 395
1265 396
1266 397
1267 398
1268 399
1269 400
1270 401
1271 402
1272 403
1273 404
1274 405
1275 406
1276 407
1277 408
1278 409
1279 410
1280 411
1281 412
1282 413
1283 414
1284 415
1285 416
1286 417
1287 418
1288 419
1289 420
1290 421
1291 422
1292 423
1293 424
1294 425
1295 426
1296 427
1297 428
1298 429
1299 430
1300 431
1301 432
1302 433
1303 2080
1304 434
1304 2081
1305 2082
1306 435
1307 436
1307 2083
1308 437
1309 438
1310 439
1310 2084
1311 2085
1312 440
1313 441
1313 2086
1314 442
1315 443
1316 444
1317 445
1318 446
1319 447
1320 448
1321 449
1322 450
1323 451
1324 452
1325 453
1326 454
1327 455
1328 456
1329 457
1330 458
1331 459
1332 460
1333 461
1334 462
1335 463
1336 464
1337 465
1338 466
1339 467
1340 468
1341 469
1342 470
1343 471
1343 2087
1344 472
1345 473
1345 2088
1346 474
1347 475
1348 476
1349 477
1350 478
1350 2089
1351 479
1352 480
1353 481
1354 482
1355 483
1355 2090
1356 484
1357 485
1358 486
1359 487
1360 488
1361 489
1362 490
1363 491
1364 492
1365 493
1366 494
1367 495
1367 2091
1368 496
1369 497
1370 498
1370 2092
1371 499
1372 2093
1373 500
1374 501
1375 502
1376 503
1377 504
1377 2094
1378 505
1379 506
1380 507
1381 508
1382 509
1383 510
1384 511
1385 512
1386 513
1387 514
1388 515
1389 516
1390 517
1391 518
1392 519
1393 520
1394 521
1395 522
1396 523
1397 524
1398 525
1399 526
1400 527
1401 528
1402 529
1403 530
1404 531
1405 532
1406 533
1407 534
1408 535
1409 536
1410 537
1411 538
1412 539
1413 540
1414 541
1415 542
1416 543
1417 544
1418 545
1419 546
1420 547
1421 548
1422 549
1423 550
1424 551
1425 552
1426 553
1427 554
1428 555
1429 556
1430 557
1431 558
1432 559
1433 560
1434 561
1435 562
1436 563
1437 564
1438 565
1439 566
1440 567
1441 568
1442 569
1443 570
1444 571
1445 572
1446 573
1447 574
1448 575
1449 576
1450 577
1451 578
1452 579
1453 580
1454 581
1455 582
1456 583
1457 584
1458 585
1459 586
1460 587
1461 588
1462 589
1463 590
1464 591
1465 592
1466 593
1467 2402
1468 2403
1469 2404
1469 4213
1470 3900
1471 3901
1472 2405
1472 4214
1472 5302
1473 4215
1473 5303
1474 5304
1475 5305
1476 5306
1477 5307
1478 5308
1479 5309
1480 5310
1481 5311
1482 5312
1483 2406
1483 4216
1484 2407
1484 4217
1485 2408
1485 4218
1486 4219
1487 4220
1488 5313
1489 5314
1490 5315
1491 5316
1492 5317
1493 5318
1494 5319
1495 5320
1496 5321
1497 5322
1498 5323
1499 5324
1500 5325
1501 5326
1502 5327
1503 5328
1504 5329
1505 5330
1506 5331
1507 5332
1508 5333
1509 5334
1510 5335
1511 5336
1512 5337
1513 5338
1514 5339
1515 5340
1516 5341
1517 5342
1518 5343
1519 5344
1520 4609
1520 5345
1521 5346
1522 5347
1523 5348
1524 5349
1525 5350
1526 4610
1527 4611
1527 4621
1528 4622
1528 4967
1529 4612
1529 4623
1530 4613
1530 4624
1531 4614
1531 5351
1532 4615
1532 4625
1533 4626
1534 5352
1535 4616
1535 4627
1536 4617
1536 5353
1537 4628
1538 4629
1539 4630
1540 4631
1541 5354
1542 4968
1543 5355
1544 4618
1544 4632
1544 5356
1545 4633
1545 5357
1546 4634
1546 4969
1547 4635
1548 4636
1549 4637
1550 4638
1551 4639
1552 4640
1553 4641
1554 2409
1555 2095
1555 2410
1556 2096
1556 4221
1557 2097
1558 2098
1559 2099
1560 2100
1561 2101
1562 2102
1563 2103
1564 2104
1565 2105
1566 2106
1567 2107
1568 2108
1568 4222
1569 2109
1570 4223
1571 2110
1571 4224
1572 4225
1573 2111
1574 2112
1575 2113
1576 2114
1577 2115
1577 4226
1578 2116
1579 2117
1579 4227
1580 2118
1581 2119
1582 2120
1583 2411
1584 2412
1584 4228
1585 4229
1586 2121
1586 2413
1586 4230
1587 2122
1587 4231
1588 4232
1589 2414
1589 4233
1590 4234
1591 4235
1592 4236
1593 4237
1594 2123
1594 4238
1595 2124
1596 2125
1596 4239
1597 2126
1597 4240
1598 4241
1599 4242
1600 2127
1601 2128
1601 4243
1602 2129
1602 4244
1603 2130
1603 4245
1604 4246
1605 4247
1606 4248
1607 4249
1608 4250
1609 4251
1610 2131
1610 4252
1611 4253
1612 2132
1612 4254
1613 2133
1613 4255
1614 2134
1614 4256
1615 2135
1615 4257
1616 2136
1616 4258
1617 4259
1618 4260
1619 4261
1620 2137
1620 4262
1621 2138
1622 4263
1622 5358
1623 4264
1624 4265
1625 2139
1626 2140
1627 4266
1628 4267
1629 2141
1630 4268
1631 2142
1631 4269
1632 2143
1632 4270
1633 2144
1634 4271
1635 4272
1635 4469
1636 2145
1636 4273
1636 4470
1637 2146
1637 4471
1638 2147
1638 4472
1639 2148
1640 4274
1641 4275
1642 4276
1643 4277
1643 4473
1644 4474
1645 4475
1646 4476
1647 4477
1648 4478
1649 4278
1649 4479
1650 4480
1651 4279
1651 4481
1652 4280
1653 4281
1653 5359
1654 4282
1655 4283
1656 4284
1657 4285
1658 4286
1659 4287
1660 4288
1661 4289
1662 4290
1663 4291
1664 4292
1665 4293
1666 4294
1667 4295
1668 4296
1669 4297
1670 4298
1671 4299
1672 4300
1673 5360
1674 5361
1675 4301
1675 5362
1676 5363
1677 4302
1678 5364
1679 4303
1680 4304
1680 5365
1681 4305
1682 5366
1683 5367
1684 4306
1684 5368
1685 4307
1685 5369
1686 5370
1687 4060
1687 4308
1687 5371
1688 5372
1689 4309
1690 4310
1691 4311
1692 4312
1693 4313
1694 4314
1695 4315
1696 4316
1697 4317
1698 4318
1699 4319
1700 4320
1701 4321
1702 4322
1703 4323
1704 4324
1705 4325
1706 4326
1707 4327
1708 4328
1709 4329
1710 4330
1711 4331
1712 4332
1713 4333
1714 4334
1715 4335
1716 2149
1717 4336
1718 4337
1719 4338
1720 4339
1721 4340
1722 4341
1723 4342
1724 4343
1725 4344
1726 4345
1727 4346
1728 2150
1728 4482
1729 2151
1730 2152
1730 4483
1731 2153
1731 4484
1732 2154
1733 2155
1734 2156
1735 4485
1736 2157
1736 4486
1737 5373
1738 5374
1739 4347
1740 4348
1741 4349
1742 4350
1743 4351
1744 4352
1745 4061
1745 4353
1746 4354
1747 4355
1748 4356
1749 4357
1750 4358
1751 4359
1752 4360
1753 4062
1753 4361
1754 4362
1755 4363
1756 4364
1757 4063
1757 4365
1758 4064
1758 4366
1759 4367
1760 4065
1760 4368
1761 4066
1762 4369
1763 4370
1764 4371
1764 4487
1765 4372
1765 4488
1766 4373
1767 4374
1768 4375
1768 4489
1769 4490
1770 4491
1771 4492
1772 4493
1773 4494
1774 4376
1774 4495
1775 4496
1776 4377
1777 4067
1777 4378
1778 4497
1779 4379
1779 4498
1780 4380
1780 4499
1781 4500
1782 5375
1783 5376
1784 5377
1785 5378
1786 4381
1787 4382
1788 5379
1789 4383
1790 4068
1790 5380
1791 5381
1792 5382
1793 5383
1794 5384
1795 5385
1796 4069
1796 4384
1797 4070
1797 4385
1798 5386
1799 4071
1800 4072
1800 4386
1801 4073
1801 5387
1802 4387
1803 4388
1804 4389
1805 4390
1806 5388
1807 5389
1808 5390
1809 5391
1810 5392
1811 5536
1812 5393
1812 5537
1813 5394
1814 5395
1814 5538
1815 5539
1816 4074
1817 5540
1818 5541
1819 4075
1819 5396
1819 5402
1819 5542
1820 5543
1821 4642
1821 5397
1821 5544
1822 4643
1823 5398
1823 5545
1824 4644
1824 5546
1825 4645
1825 5547
1826 5548
1827 5549
1828 5550
1829 5551
1830 5552
1831 5553
1832 5554
1833 5555
1834 4076
1834 4391
1835 4077
1836 4078
1837 4079
1837 5403
1838 4080
1838 5404
1839 5405
1839 5556
1840 5557
1841 5406
1841 5558
1842 4081
1842 5407
1843 4082
1844 4083
1845 5408
1845 5559
1846 5560
1847 4084
1847 5409
1847 5561
1848 4392
1849 4393
1850 4394
1851 4395
1852 4396
1853 4397
1854 4398
1855 4399
1856 4400
1857 4401
1858 4402
1859 4403
1860 4404
1861 4405
1862 2158
1862 4501
1863 2159
1864 2160
1865 2161
1865 4502
1866 2162
1867 4503
1868 4504
1869 4505
1870 4506
1871 4507
1872 2163
1872 4508
1873 2164
1874 2165
1874 4455
1874 4509
1875 4510
1876 2166
1876 4456
1877 4406
1878 4407
1879 4408
1880 4409
1881 4410
1882 4411
1883 4412
1884 4085
1884 4413
1885 4086
1886 4414
1887 4087
1887 4415
1888 4416
1889 4417
1890 4418
1891 4419
1892 4420
1893 4511
1894 4512
1895 4513
1896 4514
1897 4515
1898 4516
1899 4517
1900 4518
1901 4519
1901 5007
1902 4457
1902 4520
1902 5008
1903 4421
1903 4521
1904 4422
1904 4522
1905 4523
1906 4524
1907 4525
1908 4526
1908 5009
1909 4527
1910 4528
1910 5010
1911 4529
1911 5011
1912 5012
1913 5013
1914 5014
1915 5015
1916 5016
1917 4458
1917 4530
1918 4459
1919 4460
1919 5017
1920 2167
1920 4461
1920 5018
1921 2168
1922 2169
1923 2170
1924 2171
1925 2172
1926 2173
1927 2174
1928 2175
1929 2176
1930 2177
1931 2178
1932 2179
1933 2180
1934 2181
1935 2182
1936 2183
1937 2184
1938 2185
1939 2186
1940 2187
1941 2188
1942 2189
1943 2190
1944 2191
1945 2192
1946 2193
1947 2194
1948 2195
1949 2196
1950 2197
1951 2198
1952 2199
1953 2200
1954 2201
1955 2202
1956 2203
1957 2204
1958 2205
1959 2206
1960 2207
1961 2208
1962 2209
1963 2210
1964 2211
1965 2212
1966 2213
1967 2214
1968 2215
1969 2216
1970 2217
1971 2218
1972 2219
1973 2220
1974 2221
1975 2222
1976 2223
1977 2224
1978 2225
1979 2226
1980 2227
1981 2228
1982 2229
1983 2230
1984 2231
1985 2232
1986 2233
1987 2234
1988 2235
1989 2236
1990 2237
1991 2238
1992 2239
1993 2240
1994 2241
1995 2242
1996 2243
1997 2244
1998 2245
1999 2246
2000 2247
2001 2248
2002 2249
2003 2250
2004 2251
2005 2252
2006 2253
2007 2254
2008 2255
2009 2256
2010 2257
2011 2258
2012 2259
2013 2260
2014 2261
2015 2262
2016 2263
2017 2264
2018 2265
2019 594
2019 2266
2020 595
2021 2267
2022 2268
2023 2269
2024 2270
2025 2271
2026 2272
2027 2273
2028 2274
2029 596
2029 2275
2030 597
2030 2276
2031 2277
2032 598
2033 599
2034 600
2035 601
2036 602
2037 603
2037 2278
2038 2279
2039 2280
2040 2281
2041 2282
2042 2283
2043 2284
2044 2285
2045 2286
2046 2287
2047 2288
2047 4462
2048 2289
2049 2290
2050 2291
2051 2292
2052 2293
2053 2294
2054 2295
2055 2296
2056 2297
2057 2298
2057 4463
2058 4464
2058 5019
2059 2299
2059 4465
2060 5020
2061 2300
2062 2301
2063 2302
2064 2303
2065 2304
2065 4676
2066 2305
2066 4677
2067 2306
2067 4678
2068 2307
2069 4679
2070 2308
2071 2309
2072 604
2072 2310
2073 605
2073 2311
2074 2312
2075 606
2075 2313
2076 607
2077 608
2078 609
2079 610
2080 611
2081 612
2082 613
2083 614
2084 615
2085 616
2086 617
2087 618
2088 2314
2089 2315
2089 4680
2090 2316
2090 4681
2091 2317
2092 619
2092 2318
2093 620
2094 621
2095 622
2096 623
2097 624
2098 625
2099 626
2099 2319
2099 4682
2100 4683
2101 627
2101 4684
2102 628
2103 629
2104 630
2105 631
2105 4685
2106 632
2107 633
2107 4686
2108 2441
2108 3919
2109 634
2110 635
2111 636
2112 637
2113 638
2114 639
2115 640
2116 641
2117 642
2118 643
2119 644
2120 645
2121 646
2122 647
2123 648
2124 649
2125 650
2126 651
2127 652
2128 653
2129 654
2130 655
2131 656
2132 657
2133 658
2134 659
2135 660
2136 661
2137 662
2138 663
2139 664
2140 665
2141 666
2142 667
2143 668
2144 669
2145 670
2146 671
2147 672
2148 673
2149 674
2150 675
2151 676
2152 677
2153 678
2154 679
2155 680
2156 681
2157 682
2158 683
2159 684
2160 685
2161 686
2162 687
2163 688
2164 689
2165 690
2166 691
2167 692
2168 693
2169 694
2170 695
2171 696
2172 697
2173 698
2174 699
2175 700
2176 701
2177 702
2178 703
2179 704
2180 705
2181 706
2182 707
2183 708
2184 709
2185 710
2186 711
2187 712
2188 713
2189 714
2190 715
2191 716
2192 717
2192 2800
2193 718
2194 719
2195 720
2196 721
2197 722
2198 723
2198 2801
2198 3609
2199 724
2199 3610
2200 2802
2200 3611
2201 725
2201 3612
2202 726
2203 727
2204 728
2205 729
2206 730
2207 731
2208 732
2209 733
2210 734
2211 735
2212 736
2213 737
2214 738
2215 739
2216 740
2217 741
2218 742
2219 743
2220 744
2221 745
2222 746
2223 747
2224 748
2225 749
2226 750
2227 751
2228 752
2229 753
2230 754
2231 755
2232 756
2233 757
2234 758
2235 759
2236 760
2237 761
2238 762
2239 763
2240 764
2241 765
2242 766
2243 767
2244 768
2245 769
2246 770
2247 771
2248 772
2249 773
2250 774
2251 775
2252 776
2253 777
2254 778
2255 779
2256 780
2257 781
2258 782
2259 783
2260 784
2261 785
2262 786
2263 787
2264 788
2265 789
2266 790
2267 791
2268 792
2269 793
2270 794
2271 795
2272 796
2273 797
2274 798
2275 799
2276 800
2277 801
2278 802
2279 803
2280 804
2281 805
2282 806
2283 807
2284 808
2285 809
2286 810
2287 811
2288 812
2289 813
2290 814
2291 815
2292 816
2293 817
2294 818
2295 819
2296 820
2297 821
2298 822
2299 823
2300 824
2301 825
2302 826
2303 827
2304 828
2305 829
2306 830
2307 831
2308 832
2309 833
2310 834
2311 835
2312 836
2313 837
2314 838
2315 839
2316 840
2317 841
2318 842
2318 3930
2319 843
2320 844
2321 845
2322 846
2323 847
2324 848
2325 849
2326 850
2327 851
2328 852
2329 853
2330 854
2331 855
2332 856
2333 857
2334 858
2335 859
2336 860
2337 861
2338 862
2339 863
2340 864
2341 865
2342 866
2343 867
2344 868
2345 869
2346 870
2347 871
2348 872
2349 873
2350 874
2351 875
2352 876
2353 877
2354 878
2355 879
2356 880
2357 881
2358 882
2359 883
2360 884
2361 885
2362 886
2363 887
2364 888
2365 889
2366 890
2367 891
2368 892
2369 893
2370 894
2371 895
2372 896
2373 897
2374 898
2375 899
2376 900
2377 901
2378 902
2379 903
2380 904
2381 905
2382 906
2383 907
2384 908
2385 909
2386 910
2387 911
2388 912
2389 913
2390 914
2391 915
2392 916
2393 917
2394 918
2395 919
2396 920
2397 921
2398 922
2399 923
2400 924
2401 925
2402 926
2403 927
2404 928
2405 929
2406 930
2407 931
2408 932
2409 3931
2410 933
2410 3932
2411 934
2411 3933
2412 935
2412 3934
2413 3935
2414 936
2415 3936
2416 937
2416 3937
2416 4687
2417 3938
2418 3939
2419 3940
2420 938
2420 3941
2421 939
2422 940
2423 941
2423 3942
2424 942
2424 3943
2425 3944
2426 943
2427 944
2428 945
2429 946
2430 947
2431 948
2432 949
2433 950
2434 951
2434 4688
2435 952
2436 3945
2437 3946
2438 3947
2439 3948
2440 3949
2441 3950
2442 3951
2443 3952
2444 953
2444 3953
2445 954
2445 3954
2446 955
2447 3955
2448 3956
2449 3957
2450 3958
2451 956
2452 957
2452 3959
2453 958
2454 959
2455 960
2456 961
2457 962
2458 963
2459 964
2460 965
2461 966
2462 967
2463 968
2464 969
2465 970
2466 971
2467 972
2468 973
2469 974
2469 2803
2470 975
2471 976
2471 2804
2472 2805
2473 977
2473 2806
2474 978
2474 2807
2475 2808
2476 979
2476 2809
2477 980
2478 981
2478 2810
2479 982
2479 2811
2480 2812
2481 2813
2482 2814
2483 2815
2484 983
2484 2816
2485 2817
2486 2818
2487 2819
2488 2820
2489 984
2490 985
2491 986
2492 987
2493 988
2494 989
2495 990
2496 991
2497 992
2498 993
2499 994
2500 995
2501 996
2502 997
2503 998
2504 2821
2505 999
2505 2822
2506 1000
2506 2823
2507 1001
2507 2824
2508 2825
2509 2826
2510 1002
2510 2827
2511 2828
2512 2829
2513 2830
2514 2831
2515 2832
2516 2833
2517 2834
2518 2835
2519 2836
2520 2837
2521 2838
2522 2839
2523 2840
2524 2841
2525 2842
2526 2843
2527 2844
2528 1003
2528 4689
2529 3960
2529 4690
2530 1004
2531 1005
2532 3961
2533 1006
2534 1007
2535 1008
2536 1009
2537 1010
2537 2845
2538 3962
2538 4691
2539 3963
2540 3964
2540 4692
2541 3965
2541 4693
2542 3966
2543 1011
2543 4694
2544 4695
2545 3967
2545 4696
2546 3968
2547 3969
2548 3970
2549 3971
2550 3972
2551 3973
2552 3974
2553 3975
2554 1012
2555 1013
2556 1014
2557 1015
2558 1016
2558 2846
2559 1017
2559 2847
2560 1018
2561 1019
2562 1020
2563 1021
2564 1022
2564 2848
2565 2849
2566 2850
2567 2851
2568 2852
2569 2853
2570 1023
2570 2854
2571 1024
2571 2855
2572 2856
2573 2857
2574 2858
2575 2859
2576 2860
2577 2861
2578 2862
2579 2863
2580 2864
2581 2865
2582 2866
2583 2867
2584 2868
2585 2869
2586 2870
2587 2871
2588 2872
2589 2873
2590 2874
2591 2875
2592 2876
2593 2877
2594 2878
2595 2879
2596 2880
2597 2881
2598 2882
2599 2883
2600 2884
2601 2885
2602 2886
2603 2887
2604 2888
2605 2889
2606 2890
2607 2891
2608 2892
2609 2893
2610 2894
2611 2895
2612 2896
2613 2897
2614 2898
2615 2899
2616 2900
2617 2901
2618 2902
2619 2903
2620 2904
2621 2905
2622 2906
2623 2907
2624 2908
2625 2909
2626 2910
2627 2911
2628 2912
2629 2913
2630 2914
2630 3613
2631 1025
2631 3614
2632 2915
2633 2916
2634 2917
2635 2918
2636 2919
2637 2920
2638 2921
2638 3615
2639 2922
2640 2923
2641 2924
2641 3616
2642 3617
2643 1026
2644 1027
2644 3618
2645 1028
2646 1029
2647 1030
2647 3619
2648 1031
2649 2925
2650 2926
2651 2927
2652 2928
2653 2929
2654 2930
2655 2931
2656 2932
2657 2933
2658 2934
2659 2935
2660 2936
2661 2937
2662 2938
2663 2939
2664 2940
2665 2941
2666 2942
2667 2943
2668 2944
2669 2945
2670 2946
2671 2947
2672 2948
2672 3620
2673 2949
2674 2950
2675 2951
2676 2952
2677 2953
2678 2954
2679 2955
2679 3621
2680 2956
2681 2957
2682 2958
2683 2959
2684 2960
2685 2961
2686 2962
2687 2963
2688 2964
2689 2965
2690 2966
2691 2967
2692 2968
2693 2969
2693 3622
2694 2970
2695 2971
2696 2972
2697 2973
2698 2974
2699 2975
2700 2976
2701 2977
2702 2978
2703 2979
2704 2980
2705 2981
2706 2982
2707 2983
2708 2984
2709 2985
2710 2986
2711 2987
2712 2988
2713 2989
2714 2990
2715 2991
2716 3623
2717 3624
2718 1032
2718 3625
2719 2992
2719 3626
2720 3627
2721 2993
2722 2994
2722 3628
2723 2995
2724 2996
2725 2997
2725 3629
2726 2998
2726 3630
2727 2999
2727 3631
2728 3632
2729 3633
2730 3634
2731 3635
2732 1033
2732 3636
2733 1034
2734 1035
2735 1036
2736 1037
2737 2320
2738 2321
2739 2322
2740 2323
2741 2324
2742 2325
2743 2326
2744 2327
2745 2328
2746 2329
2747 2330
2748 2331
2749 2332
2750 2333
2751 2334
2752 2335
2753 2336
2754 2337
2755 2338
2756 2339
2757 2340
2758 2341
2759 1038
2759 2342
2760 2343
2761 1039
2761 2344
2762 1040
2762 2345
2763 2346
2764 1041
2764 2347
2765 2348
2766 1042
2767 1043
2768 1044
2769 2349
2770 1045
2770 2350
2771 1046
2771 2351
2772 1047
2773 1048
2774 1049
2774 2352
2775 2353
2776 1050
2776 2354
2777 1051
2778 1052
2778 2355
2779 1053
2779 2356
2780 1054
2780 2357
2781 1055
2782 1056
2783 1057
2784 1058
2785 1059
2786 4970
2787 4971
2788 4646
2788 4972
2789 4647
2789 4973
2790 4974
2791 4975
2792 4976
2793 4977
2794 4648
2794 4978
2795 4649
2795 4979
2795 5562
2796 4650
2797 4651
2798 4980
2798 5563
2799 4652
2800 4653
2800 5564
2801 4981
2801 5565
2802 4982
2803 5566
2804 4654
2804 5567
2805 5568
2806 4983
2807 4984
2808 4985
2809 4986
2809 5249
2809 5569
2810 4987
2810 5250
2811 4988
2812 4989
2813 5251
2814 5252
2814 5570
2815 5253
2816 5220
2816 5254
2817 4957
2817 4990
2817 5221
2817 5255
2818 5256
2819 5222
2819 5257
2820 5223
2821 4991
2822 4992
2822 5150
2823 5151
2824 4993
2824 5152
2825 5153
2826 4958
2826 4994
2826 5154
2826 5224
2827 4959
2827 5225
2828 5155
2828 5226
2829 5156
2830 5157
2831 5227
2831 5258
2832 5228
2832 5259
2833 5229
2833 5260
2834 4995
2835 3566
2835 4996
2835 5158
2836 3567
2837 3568
2837 4997
2838 4998
2838 5159
2839 5160
2840 5161
2841 5162
2842 5163
2843 5164
2844 5165
2845 5166
2846 5167
2847 3569
2847 5168
2848 3570
2849 5169
2850 5170
2851 3571
2852 3572
2852 5171
2853 3573
2854 5172
2855 5173
2856 5174
2857 5175
2858 5176
2859 3574
2859 5177
2860 5178
2861 3575
2862 3576
2863 2442
2863 3577
2864 3578
2865 3579
2865 5179
2866 3580
2867 2443
2867 3581
2868 3582
2868 5180
2869 3583
2869 5181
2870 3584
2871 3585
2872 2444
2872 3586
2873 2445
2874 2446
2875 2447
2876 2448
2877 2449
2878 2450
2879 2451
2880 4655
2880 5571
2881 4656
2881 5572
2882 5573
2883 5574
2884 5575
2885 5576
2886 5577
2887 5578
2888 4657
2888 5579
2889 5580
2890 5581
2891 5582
2892 5583
2893 5584
2894 5585
2895 5586
2896 5587
2897 4088
2898 5588
2899 5589
2900 5590
2901 4089
2901 5591
2902 4090
2902 5592
2903 4091
2903 5593
2904 5594
2905 5595
2906 5596
2907 5597
2908 5598
2909 5599
2910 5600
2911 5601
2912 5602
2913 5603
2914 5604
2915 5261
2915 5605
2915 5717
2916 5182
2916 5230
2917 5262
2917 5606
2918 5607
2918 5718
2919 5263
2919 5608
2919 5719
2920 5231
2920 5264
2920 5609
2921 5610
2921 5720
2922 5232
2922 5611
2922 5690
2923 5233
2924 5612
2924 5691
2925 5613
2926 5614
2926 5721
2927 5722
2928 5615
2928 5699
2928 5723
2929 5237
2929 5616
2929 5687
2929 5724
2930 5617
2931 5618
2932 5619
2933 5238
2933 5620
2933 5688
2933 5700
2934 5621
2935 5183
2935 5234
2935 5692
2936 5693
2937 5184
2937 5235
2938 5185
2939 5186
2939 5694
2940 5622
2941 5623
2942 5624
2943 5695
2944 5625
2944 5696
2945 5626
2946 5239
2946 5627
2947 5628
2948 5629
2949 5630
2950 5631
2951 5632
2952 5633
2953 5634
2954 5635
2955 5636
2956 5637
2957 5638
2958 5639
2959 5640
2960 5641
2961 5642
2961 5729
2962 5643
2963 5236
2964 5689
2964 5701
2964 5725
2965 5644
2966 5645
2967 5646
2968 5647
2969 5648
2969 5730
2970 5649
2970 5731
2971 4092
2971 4423
2972 4093
2973 4424
2974 4094
2974 4425
2975 4095
2976 5650
2977 4096
2977 5651
2978 4097
2979 4098
2980 4099
2981 4100
2982 4101
2983 4102
2984 4103
2984 5652
2984 5726
2985 4104
2985 5653
2986 4105
2987 4106
2987 5521
2987 5727
2988 4531
2989 4532
2990 4107
2990 4426
2990 4533
2991 4108
2991 4534
2992 4535
2993 4109
2994 4110
2995 4536
2996 4537
2997 5021
2998 4538
2998 5022
2998 5111
2999 4539
2999 5023
3000 4111
3000 4540
3001 4112
3002 4113
3003 4114
3003 4541
3004 4542
3005 4543
3006 4544
3007 4545
3007 5112
3008 4115
3009 5654
3010 5655
3011 5656
3012 5657
3013 5658
3014 4546
3015 4116
3016 4117
3016 4547
3017 4118
3017 4548
3018 4549
3019 4119
3019 4428
3019 4550
3020 4120
3021 4121
3022 4122
3022 5522
3022 6100
3023 4123
3023 6101
3024 5523
3024 6102
3025 4124
3026 4125
3027 4126
3027 6103
3028 4127
3028 5921
3028 6104
3028 6144
3028 6148
3029 4128
3029 5922
3030 5659
3031 5660
3032 5661
3033 5662
3034 5663
3035 5524
3035 5664
3035 5728
3036 5665
3037 5666
3038 5667
3039 5525
3039 5668
3039 6091
3039 6105
3040 5669
3041 5670
3042 5671
3043 5672
3044 5673
3044 5732
3045 5733
3046 5674
3047 5675
3048 5676
3049 5677
3049 5734
3049 5897
3050 5678
3050 5735
3051 5679
3051 5898
3052 6106
3052 6145
3053 5680
3053 6092
3053 6149
3054 6093
3054 6107
3054 6150
3055 6108
3055 6146
3055 6151
3056 5681
3056 5899
3056 6152
3056 6170
3057 6153
3057 6171
3057 6183
3058 6154
3059 6147
3059 6155
3060 5923
3060 6156
3061 6157
3062 5932
3062 6002
3062 6072
3062 6158
3063 6073
3063 6159
3064 6160
3065 6003
3065 6054
3065 6074
3065 6115
3065 6166
3066 5187
3067 5188
3067 5697
3067 5702
3068 5189
3069 5190
3069 5703
3070 5191
3070 5704
3071 5705
3072 5682
3072 5698
3072 5706
3073 5683
3073 5707
3074 5684
3074 5736
3075 5685
3075 5708
3075 5737
3076 5192
3077 5193
3077 5709
3078 5194
3079 5738
3080 5710
3080 5739
3081 5711
3081 5740
3082 5741
3083 5742
3084 5743
3085 5744
3086 5745
3087 5686
3087 5746
3088 5747
3089 5748
3090 5749
3091 5750
3092 5751
3093 5752
3094 5753
3095 5754
3096 5755
3097 5756
3098 5757
3099 5758
3100 5759
3101 5760
3102 5195
3103 5196
3103 5712
3104 3587
3104 5197
3105 5198
3105 5713
3106 3588
3107 3589
3107 5199
3108 5761
3109 5200
3109 5714
3110 5715
3110 5762
3111 5763
3112 5201
3112 5716
3112 5764
3113 5765
3114 2452
3114 3590
3115 3591
3115 4661
3115 5202
3116 4662
3116 5203
3117 5204
3117 5766
3118 5205
3118 5767
3119 5206
3120 4933
3121 4663
3121 4934
3121 5207
3122 4935
3123 4936
3123 5208
3124 4937
3125 4938
3126 2453
3126 3592
3127 2454
3128 2455
3128 3593
3129 2456
3130 2457
3130 4606
3130 4960
3130 5138
3130 5209
3131 5768
3132 5769
3133 5770
3134 5771
3135 5772
3136 5773
3137 5774
3138 5775
3139 5776
3140 5777
3141 5778
3142 5779
3142 6005
3143 5486
3143 5780
3143 6006
3144 5210
3144 5487
3144 5781
3145 5211
3145 5265
3145 5488
3146 5489
3146 5782
3147 5266
3148 4961
3148 5212
3148 5267
3149 4962
3149 5213
3150 4963
3150 5417
3150 5827
3151 5414
3151 5418
3151 5465
3151 5828
3152 4964
3152 5268
3152 5419
3153 4607
3153 4965
3153 5829
3153 5835
3154 5466
3154 5490
3154 5830
3154 5836
3154 6007
3155 5269
3155 5415
3155 5467
3155 5491
3156 5270
3156 5416
3156 5420
3156 5894
3157 5271
3157 5492
3158 5272
3158 5895
3158 6008
3159 5273
3159 5421
3160 5274
3160 5422
3161 5275
3162 5831
3162 5837
3163 5423
3163 5838
3163 5896
3163 6009
3164 5783
3165 5784
3166 5785
3167 5786
3168 5787
3169 5788
3170 5900
3170 6176
3171 5789
3171 5901
3172 5790
3173 5791
3173 5902
3174 5792
3175 5793
3176 5794
3176 5903
3177 5904
3178 5905
3178 6172
3178 6177
3178 6184
3179 6055
3179 6116
3179 6161
3179 6185
3180 6178
3180 6186
3181 6117
3181 6187
3182 6056
3182 6162
3183 5933
3183 6004
3183 6097
3183 6118
3184 6119
3185 5906
3185 6179
3185 6180
3185 6188
3186 5907
3186 6173
3186 6182
3186 6195
3186 6200
3187 6181
3187 6189
3188 6167
3188 6174
3188 6190
3189 6168
3189 6175
3189 6201
3190 6120
3190 6191
3191 6121
3192 6094
3192 6109
3192 6122
3193 4658
3193 5215
3194 6123
3194 6192
3195 6124
3196 5795
3197 5796
3198 5797
3199 5798
3200 5908
3200 6202
3201 5799
3201 5909
3202 6010
3203 5800
3203 5910
3203 6011
3204 5911
3205 5912
3206 5913
3207 5276
3208 6012
3209 5277
3210 5240
3210 5278
3210 6013
3211 5279
3212 5241
3212 6014
3213 5242
3213 5280
3214 5243
3214 5281
3215 5244
3215 6015
3216 5245
3217 5246
3217 6016
3218 5282
3219 5283
3220 5914
3220 6203
3220 6205
3221 5915
3221 6017
3222 6169
3222 6193
3222 6204
3222 6206
3222 6212
3223 5493
3223 5916
3223 6018
3223 6211
3224 5494
3224 6207
3225 5495
3225 6019
3225 6196
3225 6208
3226 6209
3226 6213
3227 6125
3227 6194
3227 6197
3227 6210
3227 6214
3228 6126
3229 6020
3229 6198
3230 6021
3230 6127
3230 6199
3231 5247
3231 5284
3232 6022
3233 6023
3234 5248
3234 5285
3234 6024
3235 6025
3236 5286
3237 5287
3237 6026
3238 2358
3239 1060
3239 2359
3240 1061
3240 2360
3241 5024
3242 5025
3243 5026
3244 5027
3245 5028
3246 5029
3247 5030
3247 5113
3248 4551
3248 5114
3249 4552
3250 5031
3250 5115
3251 5032
3251 5116
3252 5033
3253 5034
3254 5035
3255 5036
3256 5037
3257 2361
3257 4697
3257 5038
3258 5039
3259 5040
3260 5041
3261 4698
3261 5042
3262 4699
3263 4700
3263 5043
3264 4701
3264 5044
3264 5106
3265 5045
3266 5046
3266 5097
3267 5047
3267 5098
3267 5107
3268 5099
3268 5108
3269 4702
3269 5109
3270 5048
3270 5100
3271 4703
3272 2362
3272 4704
3273 4705
3274 4706
3275 4707
3276 4708
3277 4709
3278 4710
3279 4711
3280 4712
3281 4713
3282 4714
3283 4715
3284 4716
3285 4717
3286 4718
3287 4129
3287 4429
3288 4430
3288 4553
3288 5117
3289 4130
3290 4131
3290 4431
3291 4132
3291 4432
3292 4433
3293 4133
3294 4434
3294 5049
3294 5118
3295 4435
3295 5050
3296 4436
3297 5051
3298 5052
3299 5053
3300 4437
3301 4438
3301 5054
3302 4134
3302 4439
3303 4135
3303 4440
3304 4136
3304 4441
3305 4137
3306 4138
3307 4139
3307 4442
3308 5055
3309 5056
3310 4140
3310 4174
3310 4443
3310 5093
3311 4444
3311 5057
3312 4445
3312 5058
3313 4141
3314 5059
3315 4142
3315 5060
3316 4143
3316 5924
3317 5061
3317 5101
3318 4719
3318 5102
3318 5110
3319 5103
3320 5062
3321 5063
3322 5064
3323 4144
3324 4720
3325 4721
3325 5104
3326 5925
3326 6086
3326 6163
3327 4145
3327 5926
3328 5927
3328 6087
3329 4146
3329 5928
3329 6088
3330 4147
3331 5934
3331 6098
3331 6128
3331 6164
3332 6080
3332 6083
3332 6089
3332 6129
3332 6165
3333 5935
3333 6084
3333 6130
3334 4148
3335 4149
3335 5936
3335 6081
3335 6090
3336 4150
3336 5937
3337 5065
3338 4722
3339 4723
3340 4724
3341 4725
3342 5066
3343 4151
3343 5067
3344 4152
3344 5068
3345 4153
3346 4154
3347 5069
3348 4726
3348 4757
3348 5070
3348 5105
3349 4758
3349 5071
3350 4727
3350 4759
3351 4155
3352 5072
3353 4760
3353 5073
3354 3976
3354 4761
3355 3977
3355 4728
3355 4762
3356 3978
3356 4763
3357 4729
3358 4730
3359 2363
3359 4731
3360 4732
3361 4733
3362 4734
3363 4735
3364 3979
3365 3980
3366 3981
3367 3982
3368 3983
3369 3984
3370 3985
3371 3986
3371 4764
3372 3987
3373 3988
3373 4765
3374 3989
3374 4766
3375 4767
3376 4768
3377 3990
3377 4769
3378 4770
3379 3991
3379 4771
3380 3992
3381 3993
3381 4176
3382 3994
3383 3995
3384 3996
3384 4177
3384 4772
3385 3997
3386 3998
3387 3999
3387 4178
3388 4000
3388 4179
3389 4180
3390 4181
3391 4182
3392 4446
3392 5074
3393 4156
3393 4447
3394 6099
3394 6131
3395 6132
3396 6110
3396 6133
3397 4659
3397 5216
3397 5518
3397 5526
3397 6062
3397 6075
3397 6095
3397 6111
3398 5938
3398 6112
3398 6134
3399 5939
3399 6082
3399 6085
3400 5940
3401 5941
3402 5942
3403 6076
3403 6096
3403 6135
3404 4660
3404 5217
3404 5527
3405 5528
3405 6113
3406 5519
3406 5529
3406 5943
3406 6063
3406 6114
3407 6064
3407 6077
3408 6078
3408 6136
3409 6065
3410 5944
3411 5945
3411 6066
3412 5946
3413 4157
3413 5075
3414 4158
3415 5076
3416 5077
3417 4448
3417 5078
3418 4159
3419 4449
3419 5079
3420 5080
3421 5081
3422 4160
3423 4161
3424 4162
3424 5947
3425 4163
3426 4164
3426 5948
3427 4773
3428 4774
3428 5082
3429 4775
3430 5083
3431 4776
3432 4165
3432 4175
3432 4450
3432 5096
3433 4166
3434 4167
3434 5084
3434 5094
3435 4451
3435 5085
3436 5949
3437 4168
3437 5917
3437 5950
3438 5951
3439 5952
3440 4169
3440 5086
3440 5095
3441 4170
3441 5087
3442 4777
3442 5088
3442 5953
3443 4171
3443 4452
3443 4466
3444 4453
3444 5089
3445 4454
3445 4467
3445 5090
3446 4172
3446 5918
3447 4778
3447 5496
3447 5954
3448 5919
3448 5955
3449 4173
3449 4468
3449 5091
3449 5920
3449 5956
3450 6137
3451 4779
3452 2458
3453 2459
3454 2460
3455 2461
3455 5119
3455 5139
3455 5839
3456 2462
3457 2463
3457 5120
3458 5121
3458 5840
3459 5841
3460 5842
3461 5843
3462 2464
3462 5122
3463 2465
3463 5123
3463 5844
3464 2466
3465 2467
3466 2468
3466 5845
3466 5860
3467 6027
3468 6028
3469 6029
3470 6030
3471 2469
3472 2470
3473 2471
3474 4736
3475 4001
3475 4737
3476 4002
3477 4738
3478 4739
3479 4740
3480 4741
3481 4003
3481 4742
3482 4004
3482 4743
3483 4005
3484 4006
3485 4007
3486 1062
3486 4744
3487 4745
3488 1063
3488 4746
3489 4008
3489 4747
3490 4009
3491 4010
3492 4011
3492 4748
3493 4012
3494 4013
3494 4749
3495 4014
3495 4750
3496 4751
3497 4752
3498 4015
3498 4753
3499 4016
3499 4754
3500 4017
3501 4018
3502 4019
3503 4020
3504 4021
3505 4780
3506 4781
3507 4782
3508 4783
3509 4784
3510 4785
3511 4786
3512 4787
3513 4788
3514 4789
3515 4183
3515 4790
3516 4184
3516 4791
3517 4792
3518 4185
3518 4793
3519 4794
3520 4795
3521 4796
3522 4797
3523 4798
3524 4186
3524 4799
3525 4187
3525 4800
3526 5530
3527 5218
3527 5520
3527 5531
3528 5219
3528 5532
3529 5957
3529 6067
3530 4801
3531 4802
3532 4803
3533 4804
3533 5092
3534 4805
3535 4806
3536 4807
3537 4808
3538 6068
3538 6079
3538 6138
3539 5999
3539 6139
3540 5958
3540 6069
3541 6070
3541 6140
3542 5959
3542 6071
3542 6141
3543 5960
3544 5929
3544 6000
3544 6031
3544 6142
3545 6032
3546 5930
3546 5961
3546 6001
3546 6033
3546 6143
3547 5962
3548 5963
3549 5964
3549 6034
3550 5965
3551 5966
3552 5967
3553 5968
3554 5969
3555 5970
3556 5971
3557 5972
3558 5973
3559 4809
3560 4810
3561 4811
3562 4812
3563 5497
3563 5974
3564 4813
3565 4814
3565 5498
3566 5499
3566 5975
3567 5500
3567 5976
3568 5977
3569 5501
3569 5978
3570 4815
3570 5502
3571 5503
3571 5979
3572 4816
3572 5504
3573 4817
3574 4818
3575 4819
3576 4820
3577 4821
3578 4822
3579 4823
3580 4824
3581 4825
3582 4826
3583 4827
3584 4828
3585 4829
3586 4830
3587 4831
3588 4832
3589 4833
3590 4834
3591 4835
3592 4836
3593 4837
3594 4838
3595 4839
3596 4840
3597 4841
3598 4842
3599 4843
3600 4844
3601 4845
3602 3000
3602 4846
3603 3001
3603 4847
3604 4848
3605 4849
3606 4850
3607 4851
3608 4852
3609 3002
3609 4853
3610 4854
3611 3003
3611 4855
3612 3004
3613 3005
3614 3006
3615 4856
3616 4857
3617 4858
3618 4859
3619 4860
3620 4861
3621 4862
3622 4863
3623 4864
3624 4865
3625 4866
3626 4867
3627 4868
3628 4869
3629 4870
3630 4871
3631 4872
3632 4873
3633 4874
3634 4875
3635 4876
3636 4877
3637 4878
3638 4879
3639 4880
3640 3007
3640 4881
3641 3008
3642 3009
3643 3010
3644 4882
3645 4883
3646 4884
3647 4885
3648 3011
3648 4886
3649 3012
3649 4887
3650 3013
3650 4888
3651 3014
3652 3015
3652 4889
3653 3016
3653 4890
3654 3017
3655 3018
3656 3019
3657 3020
3658 3021
3659 3022
3660 3023
3661 4664
3662 3594
3662 4665
3663 4666
3663 4939
3664 2472
3664 4940
3665 4941
3666 2473
3667 2474
3667 4942
3667 5214
3668 2475
3669 3595
3669 4667
3670 4668
3670 4943
3671 4669
3671 4944
3672 4670
3672 4945
3673 4946
3674 2476
3674 3596
3675 3597
3676 2477
3676 3598
3676 4671
3677 2478
3677 4947
3678 2479
3679 2480
3680 2481
3680 4948
3681 2482
3682 4966
3682 5288
3683 2483
3684 2484
3685 2485
3685 4949
3686 5424
3687 4950
3688 4951
3689 3599
3689 4672
3690 4673
3690 4952
3691 4953
3692 2486
3692 4674
3692 4954
3693 4675
3693 4955
3694 2487
3694 4956
3695 2488
3696 5289
3697 5425
3697 5846
3698 5290
3698 5426
3698 5468
3699 5291
3699 5469
3700 5427
3700 5470
3701 5292
3702 5293
3703 5294
3703 5471
3704 5295
3705 5131
3705 5296
3705 5472
3706 5132
3706 5473
3707 5297
3708 4592
3708 5298
3708 6035
3709 5299
3710 4593
3710 5133
3710 5300
3711 4594
3711 5301
3712 4595
3712 5134
3713 2489
3714 2490
3715 2491
3716 5428
3716 5474
3716 5847
3717 5475
3718 5848
3719 5135
3719 5476
3719 5849
3720 5850
3721 5480
3721 5861
3722 4596
3722 5136
3722 5851
3722 6036
3723 5137
3723 5852
3724 6037
3725 5145
3725 5533
3725 5853
3725 6053
3725 6057
3726 5146
3726 5477
3726 5854
3727 6038
3728 5534
3728 6058
3729 5535
3729 6039
3729 6059
3730 6040
3731 6041
3732 5147
3732 6060
3733 5148
3733 5862
3733 6042
3733 6061
3734 5855
3734 5863
3735 5478
3735 5856
3735 5864
3736 5865
3737 5149
3737 5479
3737 5866
3738 5867
3739 5868
3739 6043
3740 2492
3741 2493
3741 5481
3741 5869
3742 5870
3743 2494
3743 5871
3744 2495
3744 5872
3745 5873
3746 2496
3746 5874
3747 2497
3748 6044
3749 6045
3750 5931
3750 6046
3751 6047
3752 6048
3753 5980
3753 6049
3754 5981
3754 6050
3755 5982
3756 5875
3756 6051
3757 5876
3758 5877
3758 5983
3758 6052
3759 5878
3760 5879
3760 5984
3761 5505
3762 5506
3763 5985
3764 5986
3765 5987
3766 5988
3767 5989
3768 5990
3769 5507
3769 5991
3770 5508
3770 5992
3771 4891
3771 5509
3772 5993
3773 5994
3774 5510
3775 4892
3775 5511
3776 5995
3777 5512
3777 5996
3778 5880
3778 5997
3779 5513
3779 5801
3779 5881
3779 5998
3780 4893
3780 5514
3781 5882
3782 5483
3782 5883
3783 5484
3783 5832
3783 5884
3784 5485
3784 5802
3784 5833
3784 5885
3784 5893
3785 5834
3785 5886
3786 5803
3786 5887
3787 2498
3787 5804
3787 5888
3788 2499
3788 5805
3789 5806
3789 5889
3790 5807
3791 5808
3792 5809
3793 5810
3794 5429
3794 5811
3795 4894
3795 5515
3796 4895
3796 5516
3797 4896
3798 4897
3799 4898
3800 4899
3801 4900
3802 4901
3803 4902
3804 4903
3805 4904
3806 4905
3807 4906
3808 4907
3809 4908
3810 4909
3811 3024
3811 4910
3812 3025
3812 4911
3813 3026
3814 4912
3815 3027
3815 4913
3816 3028
3817 4914
3818 4915
3819 4916
3820 3029
3820 4917
3821 4918
3821 5812
3822 4919
3822 5517
3822 5813
3823 4920
3824 4921
3825 5814
3826 5815
3827 5430
3827 5816
3828 5431
3828 5817
3829 5432
3829 5818
3830 3030
3831 3031
3832 3032
3833 3033
3834 3034
3834 4922
3835 3035
3835 4923
3836 3036
3837 3037
3838 3038
3839 3039
3840 5819
3841 4924
3842 4925
3842 5820
3843 5821
3844 4926
3844 5822
3845 5433
3846 5434
3847 4927
3847 5141
3847 5823
3848 4928
3848 5142
3849 5143
3849 5410
3849 5435
3849 5824
3850 3040
3850 4929
3850 5144
3850 5411
3851 3041
3851 5412
3851 5436
3852 5413
3852 5437
3853 5438
3854 3042
3854 5439
3855 5440
3856 2500
3857 2501
3858 2502
3858 5441
3858 5825
3859 2503
3860 2504
3861 5442
3862 2505
3862 5443
3863 2506
3863 5444
3864 2507
3865 5445
3866 5446
3867 5447
3868 5125
3868 5448
3869 2508
3870 2509
3870 4557
3870 5126
3870 5449
3871 2510
3872 2511
3873 1064
3874 1065
3875 1066
3876 1067
3877 1068
3878 4022
3879 4023
3880 4024
3881 4025
3882 4026
3883 4027
3884 4028
3885 4029
3886 4030
3887 4031
3888 4032
3889 4033
3890 4034
3891 4035
3892 4036
3893 4037
3894 4038
3895 4039
3895 4188
3896 1069
3896 4040
3897 4041
3898 1070
3899 1071
3899 4042
3900 1072
3901 1073
3902 1074
3902 4043
3902 4189
3903 4190
3904 1075
3904 4191
3905 4192
3906 1076
3907 1077
3908 4044
3909 4045
3910 4046
3910 4193
3911 4047
3912 4048
3913 4194
3914 4195
3915 4049
3916 4050
3917 4051
3918 4052
3918 4196
3919 4197
3920 4198
3921 4199
3922 4200
3923 4053
3923 4201
3924 4202
3925 4054
3926 4755
3927 4055
3928 4056
3929 4057
3930 4058
3931 4059
3931 4756
3932 3043
3932 4203
3933 3044
3934 3045
3935 1078
3936 1079
3936 3046
3937 1080
3937 3047
3938 1081
3938 3048
3938 4204
3939 1082
3939 3049
3940 1083
3941 1084
3941 3050
3942 1085
3943 1086
3943 3051
3944 1087
3944 3052
3945 3053
3945 4205
3946 4206
3947 3054
3947 4207
3948 3055
3948 4208
3949 3056
3949 4209
3950 3057
3951 3058
3952 3059
3953 3060
3954 3061
3955 3062
3955 4210
3956 3063
3957 4211
3957 4930
3958 3064
3959 3065
3960 3066
3961 3067
3962 3068
3963 3069
3964 3070
3965 3071
3966 3072
3967 3073
3968 3074
3969 3075
3970 3076
3971 3077
3972 3078
3973 3079
3974 3080
3975 3081
3976 3082
3977 3083
3978 3084
3979 3085
3980 3086
3981 3087
3982 3088
3983 3089
3984 3090
3985 3091
3986 3092
3987 3093
3988 3094
3989 3095
3990 3096
3991 3097
3992 3098
3993 3099
3994 3100
3995 3101
3996 3102
3997 3103
3998 3104
3999 3105
4000 3106
4001 3107
4002 3108
4003 3109
4004 3110
4005 3111
4006 3112
4007 3113
4008 3114
4009 3115
4010 3116
4011 3117
4012 3118
4013 3119
4014 3120
4015 3121
4016 3122
4017 3123
4018 3124
4019 3125
4020 3126
4021 3127
4022 3128
4023 3129
4024 3130
4025 3131
4026 3132
4027 3133
4028 3134
4029 3135
4030 3136
4031 3137
4032 3138
4033 3139
4034 3140
4035 3141
4036 3142
4037 3143
4038 3144
4039 3145
4040 3146
4041 3147
4042 3148
4043 3149
4044 3150
4045 3151
4046 3152
4047 3153
4048 3154
4049 3155
4050 3156
4051 3157
4052 3158
4053 3159
4054 3160
4055 3161
4056 4931
4057 3162
4057 4212
4057 4932
4058 3163
4059 3164
4060 3165
4061 3166
4062 3167
4063 3168
4064 3169
4065 3170
4066 3171
4067 3172
4068 3173
4069 3174
4070 3175
4071 3176
4072 3177
4073 3178
4074 3179
4075 3180
4076 3181
4077 3182
4078 3183
4079 3184
4080 3185
4081 3186
4082 3187
4083 3188
4084 3189
4085 3190
4086 3191
4087 3192
4088 3193
4089 3194
4090 3195
4091 3196
4092 3197
4093 3198
4094 3199
4095 3200
4096 3201
4097 3202
4098 3203
4099 3204
4100 3205
4101 3206
4102 3207
4103 3208
4104 3209
4105 3210
4106 3211
4107 3212
4108 3213
4109 3214
4110 3215
4111 3216
4112 3217
4113 3218
4114 3219
4115 3220
4116 3221
4117 3222
4118 3223
4119 3224
4120 3225
4121 3226
4122 3227
4123 3228
4124 3229
4125 3230
4126 3231
4127 3232
4128 3233
4129 3234
4130 3235
4131 3236
4132 3237
4133 3238
4134 3239
4135 3240
4136 3241
4137 3242
4138 3243
4139 3244
4140 3245
4141 3246
4142 3247
4143 3248
4144 3249
4145 3250
4146 3251
4147 3252
4148 3253
4149 3254
4150 3255
4151 3256
4152 3257
4153 3258
4154 3259
4155 3260
4156 3261
4157 3262
4158 3263
4159 3264
4160 3265
4161 3266
4162 3267
4163 3268
4164 3269
4165 3270
4166 3271
4167 3272
4168 3273
4169 3274
4170 3275
4171 3276
4172 3277
4173 3278
4174 3279
4175 3280
4176 3281
4177 3282
4178 3283
4179 3284
4180 3285
4181 3286
4182 3287
4183 2567
4183 3288
4184 3289
4185 3290
4186 3291
4187 3292
4188 3293
4189 3294
4190 3295
4191 3296
4192 3297
4193 3298
4194 3299
4195 3300
4196 3301
4197 3302
4198 3303
4199 3304
4200 3305
4201 3306
4202 3307
4203 3308
4204 3309
4205 3310
4206 3311
4206 3637
4207 3312
4208 3313
4209 3314
4210 3315
4211 3316
4212 3317
4213 3318
4214 3319
4215 3320
4216 3321
4217 3322
4218 3323
4219 3324
4220 3325
4221 3326
4222 3327
4223 3328
4224 3329
4225 3330
4226 3331
4227 3332
4228 3333
4229 3334
4230 3335
4231 3336
4232 3337
4233 3338
4234 3339
4235 3340
4236 3341
4237 3342
4238 3343
4239 3344
4240 3345
4241 3346
4242 3347
4243 3348
4244 3349
4245 3350
4246 3351
4247 3352
4248 3353
4249 3354
4250 3355
4251 3356
4252 3357
4253 3358
4254 3359
4254 3638
4255 3639
4256 3640
4257 3641
4258 3642
4259 3643
4260 3644
4261 3645
4262 3360
4262 3646
4263 3361
4263 3647
4264 3362
4265 3648
4266 3649
4267 3650
4268 3651
4269 3652
4270 1088
4270 3653
4271 3654
4272 3363
4273 3364
4274 3365
4275 3366
4275 3655
4276 3367
4276 3656
4277 3368
4278 3369
4279 3370
4279 3657
4280 3658
4281 1089
4281 3659
4282 1090
4282 3660
4283 3371
4284 3372
4285 3373
4286 3374
4287 3375
4288 3376
4289 3377
4290 3378
4291 3379
4292 3380
4293 2568
4293 3381
4294 3382
4295 3383
4296 3384
4297 3385
4298 2569
4298 3386
4299 2570
4299 3387
4300 3388
4301 3389
4302 3390
4303 3391
4304 3392
4305 3393
4306 3394
4307 3395
4308 3396
4309 3397
4310 3398
4311 2571
4311 3399
4312 3400
4313 3401
4314 3402
4315 3403
4316 3404
4317 2572
4317 3405
4318 2573
4319 2574
4320 2575
4321 2576
4322 2577
4323 2578
4324 2579
4325 3406
4326 2580
4326 3407
4327 2581
4328 2582
4328 3408
4329 2583
4330 2584
4331 3409
4332 2585
4332 3410
4333 2586
4334 2587
4335 2588
4336 2589
4337 2590
4338 2591
4339 2592
4340 2593
4340 3411
4341 2594
4342 2595
4342 3412
4343 2596
4344 2597
4345 2598
4345 3413
4346 2599
4347 2600
4348 2601
4348 3414
4349 2602
4350 2603
4350 3415
4351 3416
4352 3417
4353 3418
4353 3661
4354 3419
4355 3420
4356 2604
4356 3421
4356 3662
4357 3422
4357 3663
4358 3664
4359 3665
4360 3666
4361 3667
4362 3668
4363 3669
4364 3670
4365 1091
4365 3671
4366 2605
4367 2606
4368 3672
4369 2607
4369 3673
4370 3423
4370 3674
4371 3675
4372 3676
4373 2608
4374 2609
4375 2610
4375 3677
4376 2611
4377 2612
4377 3678
4378 3679
4379 3680
4380 3681
4381 3682
4382 3683
4383 2613
4383 3684
4384 3685
4385 3686
4386 3687
4387 3688
4388 2614
4389 2615
4390 2616
4391 2617
4392 2618
4393 2619
4394 2620
4395 2621
4396 2622
4397 3689
4398 2623
4399 2624
4400 2625
4401 2626
4401 3690
4402 2627
4402 3691
4403 2628
4404 2629
4404 3692
4405 3693
4406 3694
4407 2630
4407 3695
4408 3696
4409 2631
4410 2632
4411 2633
4411 3697
4412 2634
4413 2635
4413 3698
4414 3699
4415 3700
4416 3701
4417 3702
4418 3703
4419 3704
4420 3705
4421 3706
4422 3707
4423 2636
4424 2637
4425 2638
4426 2639
4427 2640
4428 2641
4429 2642
4430 2643
4431 2644
4432 2645
4433 2646
4434 2647
4435 2648
4436 2649
4437 2650
4438 2651
4439 2652
4440 2653
4441 2654
4441 3708
4442 2655
4442 3709
4443 3710
4444 2656
4445 2657
4446 2658
4447 2659
4448 2660
4448 3711
4449 3712
4450 2661
4451 2662
4452 2663
4452 3713
4453 2664
4454 2665
4455 2666
4455 3714
4456 2667
4456 3715
4457 2668
4458 2669
4459 3716
4460 3717
4461 3718
4462 3719
4463 3720
4464 3721
4465 3722
4466 3723
4467 3724
4468 3725
4469 3726
4470 3727
4471 3531
4471 3728
4472 3532
4473 3533
4474 2670
4475 3729
4476 2671
4476 3730
4477 3731
4478 3732
4479 3534
4479 3733
4480 3535
4480 3734
4481 3536
4482 3537
4482 3735
4483 3538
4484 3539
4485 3540
4486 3541
4487 3424
4488 3425
4489 3426
4490 3427
4491 3428
4492 3429
4493 3430
4494 3431
4495 3432
4496 3433
4497 3434
4498 3435
4499 3436
4500 3437
4501 3438
4502 3439
4503 3440
4504 3441
4505 3442
4506 3443
4507 3444
4508 3445
4509 3446
4510 3447
4511 3448
4512 3449
4513 3450
4514 3451
4515 3452
4516 3453
4517 3454
4518 3455
4518 4597
4518 5450
4519 3456
4520 3457
4520 4598
4521 4599
4521 5451
4522 3458
4523 3459
4524 3460
4525 3461
4525 4600
4526 3462
4526 4601
4527 3463
4528 3464
4529 3465
4529 4602
4530 3466
4531 3467
4532 3468
4533 3469
4534 3470
4535 3471
4536 3472
4537 3473
4538 3474
4539 3475
4540 3476
4541 3477
4542 3478
4543 3479
4544 3480
4545 3481
4546 3482
4547 3483
4548 3484
4549 3485
4550 3486
4551 3487
4552 3488
4553 3489
4554 3490
4555 3491
4556 3492
4557 3493
4558 3494
4559 3495
4560 3496
4561 3497
4562 3498
4563 2672
4563 3499
4564 2673
4565 2674
4565 3500
4566 2675
4566 3501
4567 2676
4568 2677
4569 3502
4570 3503
4571 3504
4572 3505
4573 3506
4574 3507
4575 3508
4576 3509
4577 3510
4578 3511
4579 3512
4580 3513
4581 2512
4581 4554
4581 4558
4582 4555
4582 4559
4583 2513
4583 4556
4583 4560
4584 2514
4584 4561
4585 5452
4586 5453
4587 5127
4587 5454
4588 4603
4588 5455
4589 5456
4590 4562
4590 5128
4590 5457
4591 4563
4591 5129
4592 4564
4592 5458
4593 4565
4594 4566
4595 4567
4596 4568
4597 4569
4598 4604
4598 5459
4599 3514
4599 4605
4599 5460
4600 4570
4600 5461
4601 4571
4601 5462
4602 4572
4603 4573
4604 3515
4604 4574
4604 5463
4605 4575
4606 2515
4606 4576
4607 2678
4607 3516
4607 3845
4608 2679
4609 2680
4610 2681
4611 2682
4612 3517
4613 3518
4614 3519
4614 3846
4615 3520
4615 3847
4615 4577
4616 3848
4616 4578
4617 3849
4618 4579
4619 3521
4619 4580
4620 4581
4621 3522
4622 3523
4623 3524
4624 3525
4625 3526
4625 4582
4626 3527
4626 4583
4627 2683
4627 3850
4628 2684
4628 3851
4629 3762
4629 3852
4630 2685
4630 3853
4631 3854
4632 3855
4633 3763
4633 3856
4634 3857
4635 3764
4635 3858
4636 3765
4637 3766
4638 4584
4639 2516
4639 4585
4640 3859
4640 4586
4641 2517
4641 3767
4641 3860
4641 4587
4642 3861
4643 3768
4643 3862
4644 3769
4645 3863
4646 3770
4646 3864
4647 3771
4648 3772
4648 3865
4649 3866
4650 3773
4650 3867
4651 3774
4652 3775
4653 3776
4654 3777
4655 2686
4656 2687
4657 2688
4658 2689
4659 2690
4660 2691
4661 2692
4662 2693
4663 2694
4664 2695
4665 2696
4666 2697
4667 2698
4668 2699
4669 2700
4670 2701
4671 2702
4672 2703
4673 2704
4674 2705
4675 2706
4676 2707
4677 2708
4678 2709
4679 2710
4680 2711
4681 2712
4682 2713
4683 2714
4684 2715
4685 2716
4686 2717
4687 2718
4688 2719
4689 2720
4690 2721
4691 2722
4692 2723
4693 2724
4694 2725
4695 2726
4696 2727
4697 2728
4698 2729
4699 2730
4700 2731
4701 2732
4702 2733
4703 2734
4704 2735
4705 2736
4706 2737
4707 2738
4708 2739
4709 2740
4710 2741
4711 2742
4712 2743
4713 2744
4714 2745
4715 2746
4716 2747
4717 2748
4718 2749
4718 3778
4719 2750
4720 2751
4721 2752
4721 3779
4722 2753
4723 2754
4723 3780
4724 2755
4725 2756
4725 3781
4726 2757
4726 3782
4727 2758
4727 3783
4728 2759
4729 2760
4730 2761
4731 2762
4732 2763
4733 2764
4734 2765
4735 2766
4736 2767
4736 3736
4737 2768
4737 3737
4738 3738
4739 2769
4740 2770
4740 3739
4741 2771
4741 3740
4742 3741
4743 3742
4744 3743
4745 2772
4745 3744
4746 3745
4747 3746
4748 3747
4749 3748
4750 2773
4750 3784
4750 3868
4751 3785
4752 3786
4753 3787
4754 3788
4755 3789
4756 3790
4757 3791
4758 1092
4758 3871
4759 1093
4760 1094
4761 2774
4762 2775
4763 2776
4764 2777
4765 2778
4766 2779
4767 2780
4767 3792
4768 2781
4768 3793
4769 2782
4770 2783
4771 2784
4772 2785
4773 2786
4774 2787
4775 2788
4776 2789
4777 2790
4778 2791
4778 3794
4779 2792
4779 3795
4780 3796
4781 3797
4782 3798
4783 3799
4784 3800
4785 3801
4786 3802
4787 3803
4788 3804
4789 3805
4790 3806
4791 3807
4792 3808
4793 3809
4794 3810
4795 2793
4795 3811
4796 2794
4796 3812
4797 3813
4798 3814
4799 3815
4800 3542
4801 1095
4801 3543
4802 1096
4802 3544
4803 1097
4804 3816
4805 3817
4806 3818
4807 3819
4808 3820
4809 3821
4810 3822
4811 3823
4812 3824
4812 3872
4813 3825
4814 3826
4814 3873
4815 3827
4816 3828
4817 3829
4818 3830
4819 3831
4819 3874
4820 3832
4820 3875
4821 3876
4822 3877
4823 3878
4824 3879
4825 1098
4826 1099
4827 1100
4828 1101
4828 3749
4829 1102
4830 1103
4831 3545
4831 3750
4832 3546
4832 3751
4833 3547
4833 3752
4834 3548
4834 3753
4835 1104
4835 3754
4836 3755
4837 1105
4837 3549
4837 3756
4838 1106
4839 3550
4839 3757
4840 1107
4840 3551
4841 3552
4842 1108
4842 3553
4843 1109
4844 3554
4845 3555
4846 3556
4847 2518
4848 2519
4849 3833
4850 2520
4850 3834
4851 3835
4851 3880
4852 3881
4853 3882
4854 2364
4855 2365
4856 2366
4857 2367
4858 1110
4859 1111
4860 1112
4861 1113
4862 2415
4863 4619
4864 2368
4865 2369
4866 2370
4867 2416
4868 2371
4868 2417
4869 2418
4869 4427
4870 3902
4871 1114
4872 1115
4873 1116
4874 1117
4875 1118
4876 1119
4877 1120
4877 3528
4878 3529
4878 3758
4879 3530
4880 3759
4881 3760
4882 1121
4883 1122
4884 4999
4885 3600
4886 3601
4887 3602
4888 2521
4889 2522
4890 3603
4891 4608
4891 5140
4891 5857
4892 5124
4892 5858
4893 2523
4894 2524
4895 2525
4896 2526
4897 5859
4897 5890
4898 2527
4898 5482
4898 5891
4899 2528
4900 5892
4901 2529
4901 5826
4902 2530
4903 2531
4904 2532
4905 2533
4905 5464
4906 3557
4907 4588
4907 5130
4908 4589
4909 3869
4910 4590
4911 3870
4911 4591
4912 3836
4913 3883
4914 1123
4914 3884
4915 1124
4916 1125
4917 2534
4918 2535
4918 3837
4919 1126
4920 1127
4921 1128
4922 1129
4923 1130
4923 3558
4924 3838
4924 3885
4925 3886
4926 1131
4927 2536
4928 2537
4929 2538
4930 2539
4931 2540
4932 2541
4933 2542
4934 2543
4935 2544
4936 3920
4937 2545
4937 3921
4938 2546
4939 2547
4940 2548
4941 2549
4942 2550
4943 2551
4944 2552
4945 3903
4946 3904
4947 3905
4947 3922
4948 3923
4949 3924
4950 3906
4951 3925
4952 1132
4953 1133
4954 1134
4955 1135
4956 1136
4957 1137
4958 1138
4959 1139
4960 1140
4961 1141
4962 2553
4963 2554
4964 2555
4965 3887
4966 1142
4967 1143
4968 1144
4968 3888
4969 3889
4970 3890
4971 3891
4972 3892
4973 3893
4974 1145
4975 1146
4976 1147
4977 1148
4978 2795
4979 2796
4980 3839
4981 3840
4982 3559
4983 3560
4984 3561
4985 3562
4986 3563
4987 1149
4988 1150
4988 3564
4989 2797
4990 3761
4991 3841
4992 3842
4993 3843
4993 3894
4994 3895
4995 3896
4996 3897
4997 3898
4998 1151
4998 3899
4999 2798
5000 2799
5001 3565
5002 3844
5003 5000
5004 5001
5005 5002
5006 2556
5007 2557
5008 2558
5009 2559
5010 2560
5011 2561
5012 2562
5013 2563
5014 2564
5015 5399
5016 5400
5017 5401
5018 2419
5019 2420
5020 2421
5021 2422
5022 2423
5023 5003
5024 5004
5025 5005
5026 2565
5027 2566
5027 3926
5028 2424
5029 2425
5030 2426
5031 2427
5032 2428
5033 3907
5034 2429
5034 3908
5035 2430
5036 3909
5037 3910
5038 3911
5039 4620
5040 3912
5041 3927
5042 3928
5043 3913
5043 3929
5044 3604
5045 5006
5046 3605
5047 3606
5048 3607
5049 3608
5050 2372
5051 2373
5052 2374
5053 2375
5054 2376
5055 2377
5056 2378
5057 2379
5058 2380
5059 2381
5060 1152
5060 2382
5061 1153
5062 1154
5063 1155
5064 1156
5065 1157
5066 2431
5067 2432
5068 2383
5068 2433
5069 2384
5070 2385
5071 2434
5072 2435
5073 2436
5074 2437
5075 3914
5076 3915
5077 1158
5078 1159
5079 1160
5080 1161
5081 1162
5082 1163
5083 1164
5084 1165
5085 1166
5086 1167
5087 1168
5088 1169
5089 2386
5090 2387
5091 2388
5092 2389
5093 2390
5094 2391
5095 2392
5096 2393
5097 2394
5098 2395
5099 2396
5100 1170
5101 1171
5102 1172
5103 1173
5104 1174
5105 2438
5106 2439
5106 3916
5107 2440
5108 3917
5109 3918
5110 2397
5111 2398
5112 2399
5113 2400
5114 2401
5115 1175
5116 1176
5117 1177
5118 1178
5119 1179
5120 1180
5121 1181
GOT!
Hello World!
